MyCmapKh=[0.650980412960052 0.650980412960052 0.650980412960052;0.667538166046143 0.667538166046143 0.667538166046143;0.684095859527588 0.684095859527588 0.684095859527588;0.700653612613678 0.700653612613678 0.700653612613678;0.717211365699768 0.717211365699768 0.717211365699768;0.733769059181213 0.733769059181213 0.733769059181213;0.750326812267303 0.750326812267303 0.750326812267303;0.766884565353394 0.766884565353394 0.766884565353394;0.783442258834839 0.783442258834839 0.783442258834839;0.800000011920929 0.800000011920929 0.800000011920929;0.816557765007019 0.816557765007019 0.816557765007019;0.833115458488464 0.833115458488464 0.833115458488464;0.849673211574554 0.849673211574554 0.849673211574554;0.866230964660645 0.866230964660645 0.866230964660645;0.88278865814209 0.88278865814209 0.88278865814209;0.89934641122818 0.89934641122818 0.89934641122818;0.91590416431427 0.91590416431427 0.91590416431427;0.932461857795715 0.932461857795715 0.932461857795715;0.949019610881805 0.949019610881805 0.949019610881805;0.893194913864136 0.937254905700684 0.952018439769745;0.837370216846466 0.925490200519562 0.955017328262329;0.781545579433441 0.91372549533844 0.958016157150269;0.725720882415771 0.901960790157318 0.961014986038208;0.669896185398102 0.890196084976196 0.964013814926147;0.614071488380432 0.878431379795074 0.967012703418732;0.558246850967407 0.866666674613953 0.970011532306671;0.502422153949738 0.854901969432831 0.973010361194611;0.446597456932068 0.843137264251709 0.976009249687195;0.390772789716721 0.831372559070587 0.979008078575134;0.334948092699051 0.819607853889465 0.982006907463074;0.279123425483704 0.807843148708344 0.985005795955658;0.223298728466034 0.796078443527222 0.988004624843597;0.167474046349525 0.7843137383461 0.991003453731537;0.111649364233017 0.772549033164978 0.994002282619476;0.0558246821165085 0.760784327983856 0.997001171112061;0 0.749019622802734 1;0 0.699108719825745 0.981818199157715;0 0.6491978764534 0.963636338710785;0 0.59928697347641 0.9454545378685;0 0.549376130104065 0.927272737026215;0 0.499465256929398 0.909090936183929;0 0.44955438375473 0.890909075737;0 0.399643510580063 0.872727274894714;0 0.349732637405396 0.854545474052429;0 0.299821764230728 0.836363673210144;0 0.2499108761549 0.818181812763214;0 0.200000002980232 0.800000011920929;0.111111111938953 0.177777782082558 0.822222232818604;0.222222223877907 0.155555561184883 0.844444453716278;0.333333343267441 0.133333340287209 0.866666674613953;0.444444447755814 0.111111111938953 0.888888895511627;0.555555582046509 0.0888888910412788 0.911111116409302;0.666666686534882 0.0666666701436043 0.933333337306976;0.777777791023254 0.0444444455206394 0.955555558204651;0.888888895511627 0.0222222227603197 0.977777779102325;1 0 1;0.899999976158142 0 0.887745082378387;0.800000011920929 0 0.77549022436142;0.699999988079071 0 0.663235306739807;0.600000023841858 0 0.550980389118195;0.5 0 0.438725501298904;0.400000005960464 0 0.326470583677292;0.300000011920929 0 0.214215680956841;0.200000002980232 0 0.10196078568697];
