MyCmapqVel = [0.650980412960052 0.650980412960052 0.650980412960052;0.660633504390717 0.660633504390717 0.660633504390717;0.670286595821381 0.670286595821381 0.670286595821381;0.679939687252045 0.679939687252045 0.679939687252045;0.689592778682709 0.689592778682709 0.689592778682709;0.699245870113373 0.699245870113373 0.699245870113373;0.708898961544037 0.708898961544037 0.708898961544037;0.718552052974701 0.718552052974701 0.718552052974701;0.728205144405365 0.728205144405365 0.728205144405365;0.737858235836029 0.737858235836029 0.737858235836029;0.747511327266693 0.747511327266693 0.747511327266693;0.757164418697357 0.757164418697357 0.757164418697357;0.766817510128021 0.766817510128021 0.766817510128021;0.776470601558685 0.776470601558685 0.776470601558685;0.786123692989349 0.786123692989349 0.786123692989349;0.795776784420013 0.795776784420013 0.795776784420013;0.805429875850677 0.805429875850677 0.805429875850677;0.815082967281342 0.815082967281342 0.815082967281342;0.824736058712006 0.824736058712006 0.824736058712006;0.83438915014267 0.83438915014267 0.83438915014267;0.844042241573334 0.844042241573334 0.844042241573334;0.853695333003998 0.853695333003998 0.853695333003998;0.863348424434662 0.863348424434662 0.863348424434662;0.873001515865326 0.873001515865326 0.873001515865326;0.88265460729599 0.88265460729599 0.88265460729599;0.892307698726654 0.892307698726654 0.892307698726654;0.901960790157318 0.901960790157318 0.901960790157318;0.907727777957916 0.901960790157318 0.848904252052307;0.913494825363159 0.901960790157318 0.795847773551941;0.919261813163757 0.901960790157318 0.74279123544693;0.925028860569 0.901960790157318 0.689734697341919;0.930795848369598 0.901960790157318 0.636678218841553;0.936562836170197 0.901960790157318 0.583621680736542;0.942329883575439 0.901960790157318 0.530565142631531;0.948096871376038 0.901960790157318 0.477508664131165;0.953863918781281 0.901960790157318 0.424452126026154;0.959630906581879 0.901960790157318 0.371395617723465;0.965397953987122 0.901960790157318 0.318339109420776;0.97116494178772 0.901960790157318 0.265282571315765;0.976931929588318 0.901960790157318 0.212226063013077;0.982698976993561 0.901960790157318 0.159169554710388;0.988465964794159 0.901960790157318 0.106113031506538;0.994233012199402 0.901960790157318 0.0530565157532692;1 0.901960790157318 0;0.885714292526245 0.873389363288879 0;0.77142858505249 0.844817936420441 0;0.657142877578735 0.816246509552002 0;0.54285717010498 0.787675082683563 0;0.428571432828903 0.759103655815125 0;0.314285725355148 0.730532228946686 0;0.200000002980232 0.701960802078247 0;0.171428576111794 0.666106462478638 0.105882354080677;0.142857149243355 0.630252122879028 0.211764708161354;0.114285714924335 0.594397783279419 0.317647069692612;0.0857142880558968 0.55854344367981 0.423529416322708;0.0571428574621677 0.5226891040802 0.529411792755127;0.0285714287310839 0.486834734678268 0.635294139385223;0 0.450980395078659 0.74117648601532;0 0.375817000865936 0.650980412960052;0 0.300653606653214 0.560784339904785;0 0.22549019753933 0.470588237047195;0 0.150326803326607 0.380392163991928;0 0.0751634016633034 0.290196090936661;0 0 0.200000002980232];
