MyCmaphMax=[0 0 0.400000005960464;0 0.0666666701436043 0.444444447755814;0 0.133333340287209 0.488888889551163;0 0.200000002980232 0.533333361148834;0 0.266666680574417 0.577777802944183;0 0.333333343267441 0.622222244739532;0 0.400000005960464 0.666666686534882;0 0.466666698455811 0.711111128330231;0 0.533333361148834 0.75555557012558;0 0.600000023841858 0.800000011920929;0.0555555559694767 0.622222244739532 0.75555557012558;0.111111111938953 0.644444465637207 0.711111128330231;0.16666667163372 0.666666686534882 0.666666686534882;0.222222223877907 0.688888907432556 0.622222244739532;0.277777791023254 0.711111128330231 0.577777802944183;0.333333343267441 0.733333349227905 0.533333361148834;0.388888895511627 0.75555557012558 0.488888889551163;0.444444447755814 0.777777791023254 0.444444447755814;0.5 0.800000011920929 0.400000005960464;0.555555582046509 0.822222232818604 0.355555564165115;0.611111104488373 0.844444453716278 0.311111122369766;0.666666686534882 0.866666674613953 0.266666680574417;0.722222208976746 0.888888895511627 0.222222223877907;0.777777791023254 0.911111116409302 0.177777782082558;0.833333313465118 0.933333337306976 0.133333340287209;0.888888895511627 0.955555558204651 0.0888888910412788;0.944444417953491 0.977777779102325 0.0444444455206394;1 1 0;1 0.961538434028625 0;1 0.923076927661896 0;1 0.884615361690521 0;1 0.846153855323792 0;1 0.807692289352417 0;1 0.769230782985687 0;1 0.730769217014313 0;1 0.692307710647583 0;1 0.653846144676208 0;1 0.615384638309479 0;1 0.576923072338104 0;1 0.538461565971375 0;1 0.5 0;1 0.461538463830948 0;1 0.423076927661896 0;1 0.384615391492844 0;1 0.346153855323792 0;1 0.307692319154739 0;1 0.269230782985687 0;1 0.230769231915474 0;1 0.192307695746422 0;1 0.15384615957737 0;1 0.115384615957737 0;1 0.0769230797886848 0;1 0.0384615398943424 0;1 0 0;0.939999997615814 0 0;0.879999995231628 0 0;0.819999992847443 0 0;0.759999990463257 0 0;0.699999988079071 0 0;0.639999985694885 0 0;0.579999983310699 0 0;0.519999980926514 0 0;0.46000000834465 0 0;0.400000005960464 0 0];
